0 0.2647540983606557 0.5896805896805897 0.3557377049180328 0.32186732186732187
0 0.35942622950819675 0.8065110565110565 0.5155737704918033 0.386977886977887
0 0.5745901639344262 0.5724815724815725 0.23770491803278687 0.28992628992628994
0 0.6647540983606557 0.4465601965601966 0.1540983606557377 0.18304668304668303
0 0.8413934426229508 0.6578624078624078 0.2680327868852459 0.3525798525798526
0 0.8471311475409836 0.4821867321867322 0.1680327868852459 0.16584766584766583
0 0.8389344262295082 0.8826781326781327 0.32049180327868854 0.2321867321867322
0 0.07336065573770492 0.8230958230958231 0.14508196721311475 0.3538083538083538
0 0.06311475409836066 0.5847665847665847 0.11967213114754098 0.19164619164619165
0 0.43401639344262294 0.48402948402948404 0.20245901639344263 0.18918918918918917
0 0.55 0.37714987714987713 0.13278688524590163 0.13513513513513514
0 0.3762295081967213 0.39496314496314494 0.16721311475409836 0.11425061425061425
0 0.21598360655737706 0.4539312039312039 0.2795081967213115 0.21007371007371006
0 0.08114754098360656 0.41584766584766586 0.15901639344262294 0.16584766584766583
0 0.2709016393442623 0.35196560196560195 0.1581967213114754 0.12162162162162161
0 0.38524590163934425 0.32555282555282555 0.09180327868852459 0.05651105651105651
0 0.7069672131147541 0.3574938574938575 0.20081967213114754 0.12776412776412777
0 0.5479508196721311 0.2714987714987715 0.13688524590163934 0.07371007371007371
0 0.48114754098360657 0.26044226044226043 0.1180327868852459 0.06633906633906633
0 0.905327868852459 0.3372235872235872 0.18770491803278688 0.09459459459459459
