0 0.05666666666666667 0.49 0.05666666666666667 0.08285714285714285
0 0.12083333333333333 0.5285714285714286 0.06833333333333334 0.09714285714285714
0 0.1875 0.5157142857142857 0.07166666666666667 0.11142857142857143
0 0.26916666666666667 0.5085714285714286 0.07166666666666667 0.12
0 0.3125 0.49714285714285716 0.055 0.12
0 0.35833333333333334 0.48142857142857143 0.05666666666666667 0.11714285714285715
0 0.42250000000000004 0.48 0.095 0.14857142857142858
0 0.5858333333333333 0.3914285714285714 0.11833333333333335 0.1657142857142857
0 0.7125 0.3142857142857143 0.13833333333333334 0.17714285714285713
0 0.8775000000000001 0.22 0.17500000000000002 0.2342857142857143
0 0.7216666666666667 0.5714285714285714 0.39 0.4857142857142857
