0 0.49750000000000005 0.82125 0.26666666666666666 0.3075
0 0.12875 0.65 0.25083333333333335 0.2775
0 0.03291666666666667 0.381875 0.06416666666666668 0.07375
0 0.07375000000000001 0.36375 0.0625 0.0575
0 0.14125000000000001 0.375625 0.05916666666666667 0.05625
0 0.3725 0.368125 0.03833333333333334 0.05375
0 0.4054166666666667 0.351875 0.035833333333333335 0.03625
0 0.33875 0.529375 0.13583333333333333 0.17375000000000002
0 0.38875000000000004 0.470625 0.11416666666666668 0.15625
0 0.5345833333333334 0.630625 0.18250000000000002 0.22875
0 0.9245833333333334 0.815625 0.14916666666666667 0.27625
0 0.84875 0.610625 0.17750000000000002 0.22125
0 0.8004166666666667 0.533125 0.11583333333333334 0.14875
0 0.5820833333333334 0.49562500000000004 0.0975 0.10875
0 0.5012500000000001 0.443125 0.09916666666666667 0.10125
0 0.6470833333333333 0.4225 0.05583333333333334 0.09
0 0.6116666666666667 0.433125 0.05333333333333334 0.11375
0 0.7341666666666667 0.405 0.03833333333333334 0.0475
0 0.8733333333333334 0.453125 0.065 0.058750000000000004
0 0.94125 0.51 0.08083333333333334 0.075
0 0.9825 0.569375 0.035 0.09125
0 0.4579166666666667 0.359375 0.0275 0.02625
0 0.47208333333333335 0.41125 0.06416666666666668 0.08
0 0.6679166666666667 0.376875 0.03416666666666667 0.05375
0 0.5370833333333334 0.409375 0.0475 0.07125000000000001
0 0.8504166666666667 0.42375 0.0575 0.06
0 0.8145833333333334 0.40125 0.037500000000000006 0.0375
0 0.9541666666666667 0.44125000000000003 0.06666666666666667 0.0625
0 0.10291666666666667 0.32875 0.04583333333333334 0.0375
0 0.49000000000000005 0.355625 0.028333333333333335 0.02875
0 0.5104166666666667 0.350625 0.022500000000000003 0.03375
0 0.7345833333333334 0.365 0.035833333333333335 0.04
