0 0.49375 0.6291666666666667 0.22187500000000002 0.2791666666666667
0 0.82734375 0.5864583333333333 0.32343750000000004 0.21041666666666667
0 0.1953125 0.6145833333333334 0.259375 0.22916666666666666
0 0.11484375000000001 0.43333333333333335 0.2078125 0.09583333333333333
0 0.29140625000000003 0.3677083333333333 0.1203125 0.04791666666666666
0 0.36328125 0.440625 0.1765625 0.11041666666666666
0 0.50234375 0.3697916666666667 0.08281250000000001 0.052083333333333336
0 0.6507812500000001 0.44166666666666665 0.15781250000000002 0.10416666666666667
0 0.7117187500000001 0.3625 0.1234375 0.058333333333333334
0 0.87109375 0.4302083333333333 0.2171875 0.09791666666666667
