0 0.7280000000000001 0.7002032520325204 0.16914285714285715 0.26626016260162605
0 0.5434285714285715 0.6432926829268293 0.18400000000000002 0.2134146341463415
0 0.312 0.6941056910569107 0.20342857142857143 0.25
0 0.20571428571428574 0.519308943089431 0.16685714285714287 0.16463414634146342
0 0.404 0.5376016260162603 0.10171428571428572 0.16463414634146342
0 0.11257142857142859 0.4441056910569106 0.10400000000000001 0.09552845528455285
0 0.07542857142857143 0.31808943089430897 0.09142857142857144 0.07926829268292684
0 0.16342857142857145 0.350609756097561 0.0982857142857143 0.05081300813008131
0 0.24000000000000002 0.3810975609756098 0.0662857142857143 0.07926829268292684
0 0.35085714285714287 0.4004065040650407 0.08685714285714287 0.0934959349593496
0 0.5205714285714286 0.4705284552845529 0.14285714285714288 0.11991869918699188
0 0.6708571428571429 0.5071138211382115 0.09142857142857144 0.1361788617886179
0 0.8222857142857144 0.5254065040650407 0.12457142857142858 0.1321138211382114
0 0.6188571428571429 0.39837398373983746 0.10857142857142858 0.08536585365853659
0 0.5177142857142858 0.3810975609756098 0.08 0.06300813008130082
0 0.44628571428571434 0.3536585365853659 0.06285714285714286 0.07723577235772358
0 0.8600000000000001 0.4156504065040651 0.08114285714285716 0.09959349593495936
0 0.7400000000000001 0.42174796747967486 0.08571428571428572 0.09146341463414635
0 0.8051428571428572 0.36280487804878053 0.056 0.06300813008130082
0 0.9062857142857144 0.3434959349593496 0.07542857142857143 0.052845528455284556
0 0.9371428571428572 0.30589430894308944 0.05485714285714286 0.0467479674796748
0 0.8365714285714286 0.3170731707317074 0.06171428571428572 0.06097560975609757
0 0.7440000000000001 0.32621951219512196 0.07314285714285715 0.0467479674796748
0 0.672 0.3465447154471545 0.08685714285714287 0.07520325203252033
0 0.5868571428571429 0.32825203252032525 0.07200000000000001 0.05487804878048781
0 0.5085714285714286 0.2886178861788618 0.07085714285714287 0.052845528455284556
0 0.39942857142857147 0.2754065040650407 0.044571428571428574 0.0467479674796748
0 0.36114285714285715 0.2682926829268293 0.02742857142857143 0.02845528455284553
0 0.3165714285714286 0.2835365853658537 0.05714285714285715 0.042682926829268296
0 0.2405714285714286 0.2967479674796748 0.07428571428571429 0.05691056910569106
0 0.18114285714285716 0.2652439024390244 0.05371428571428572 0.042682926829268296
0 0.28971428571428576 0.2286585365853659 0.044571428571428574 0.030487804878048783
0 0.35314285714285715 0.225609756097561 0.03428571428571429 0.02845528455284553
0 0.39771428571428574 0.22154471544715448 0.036571428571428574 0.016260162601626018
0 0.5908571428571429 0.22662601626016263 0.04571428571428572 0.03861788617886179
0 0.664 0.22256097560975613 0.04571428571428572 0.03861788617886179
0 0.6120000000000001 0.27947154471544716 0.056 0.042682926829268296
0 0.7051428571428572 0.2774390243902439 0.05028571428571429 0.042682926829268296
0 0.7765714285714286 0.2754065040650407 0.05828571428571429 0.042682926829268296
